maxrule 6
width 35
height 35

rows
1
1
6,1
3,2
2,1
2,4,1
12,6,1
11,1,6,1
9,2,6,1
6,1,4,1
5,2,1
3,1,1,1
1,1,1,1,1
1,1,3,1,1
1,1,3,1,1
2,1,3,1,1
1,3,1,1
7,3,1,2,1,1
7,2,2,3,2,1
7,1,1,4,1,2
9,1,5,1,1
11,1,5
3,7,6,4
4,8,2,5,1
3,8,1,4,1,2
13,3,1,1,1
9,3,1,4,1
9,2,1
7,1,1
5
2,1
0
0
0
0

columns
4
6
7
1,9
1,2,10
3,7,4
5,2,5,5
6,1,1,5,4
7,12
6,10
5,8
4,1,8
3,1,8
3,1,8
2,1,2
1,2,1,1
1,1,4,1
1,1,4,1,1
1,1,4,1,1
1,1,3,1,1
1,1,3,1,3
1,2,5
1,3,1,7
1,5,2,9
1,5,1,9
1,5,2,5
1,5,1
1,3,1
1,2
1,1,4,5
1,3,1,1,1
5,1,1,1,1
1,4,1,3
1
1,4,1

