                              2
                            332
                         435211 1
                       b846521122   52 11
                      c11411322411 5234321
                      11211111123766221111
                      --------------------
                    4|.....XXXX...........|
                    6|...XXXXXX...........|
                    7|.XXXXXXX............|
                    6|XXXXXX..............|
              4  2  1|XXXX.XX......X......|
              3  3  4|XXX...XXX...XXXX....|
                 4  8|XXXX....XXXXXXXX....|
              6  1  3|XXXXXX...X..XXX.....|
                 7  5|XXXXXXX...XXXXX.....|
                13  2|XXXXXXXXXXXXX.XX....|
        2  2  1  2  5|XX..XX...X.XX..XXXXX|
           2  3  4  3|XX.XXX..XXXX..XXX...|
  2  2  1  1  1  2  1|XX.XX.X..X.X.XX.X...|
     1  1  4  2  1  2|X..X.XXXX.XX.X..XX..|
        5  3  2  1  2|XXXXX.XXX.XX.X...XX.|
              2  1  2|.........XX..X...XX.|
                 8  1|..XXXXXXXX...X......|
                 3  2|XXX..........XX.....|
                    2|..............XX....|
                    5|...............XXXXX|
                      --------------------
