maxrule 11
width 70
height 45

rows
7,10
2,5,3,2
2,2,3,2,6,2
1,7,3,18,2,2,4,1
1,3,3,4,3,1,3,1
1,2,3,4,6,2,2,1
1,2,8,4,6,2,1,1
1,3,3,12,3,2,1,2
2,2,3,5,5,2,1,2,1
2,3,10,5,3,2,3,1
1,2,9,7,6,2,4,1
2,1,2,3,4,9,11,2
4,2,4,8,7,9,4,2
2,2,13,9,10,3,2
2,2,8,2,10,1,5,1,1,1
1,2,3,2,1,10,4,1,1,2
2,2,2,3,2,10,2,8,2
1,1,2,5,10,3,4,1,2
1,2,2,5,11,5,3,1,2
2,2,3,12,10,9,4,2,1
1,1,2,2,6,11,8,3,3,1
2,1,2,4,5,13,3,1,4,3,1
3,1,2,2,4,13,3,5,3,1
3,1,1,3,4,4,14,3,2,4,1
3,2,2,4,13,1,2,4,3,1
1,2,2,3,11,1,1,1,6,4,2
1,2,2,4,2,2,1,7,2,4,3
2,2,2,4,8,1,7,4,1
3,3,2,4,1,4,1,3,6,5
4,3,1,2,5,4,6,2,6
4,4,5,10,5,9,2,1,3,4
4,4,1,1,3,5,16,3
5,3,7,3,1,2,5,2,1,3
4,4,5,6,2,1,1,2,11,3,5
5,5,10,2,2,9,6
1,6,4,1,23,4,4
2,8,8,11,2,4,4
3,9,6,2,3,1,3
5,9,8,3,3,2
5,11,7,3,4,2
1,6,11,11,4,4
3,7,14,7,4,5,2
4,7,15,4,5,6,4
5,6,25,6,2,6
6,6,21,7,2,8

columns
6,4,5
1,4,3,4
2,5,3,4
1,5,2,3
2,5,3,2
1,5,2,1
2,5,3
7,3,2,3,2
2,2,4,6,4,3
2,3,3,5,3,3
1,4,4,7,4,4,2
1,7,2,4,3,3,3,3
1,3,4,1,2,3,4,4,3
1,2,4,2,2,3,4,3
1,1,2,6,2,3,3,3
2,1,2,9,1,2,4,2
1,1,3,5,4,2,1,5,2
1,2,2,3,3,1,1,2,4,1
1,1,2,3,1,2,1,1,2,5,1
2,2,2,3,1,3,3,1,2,2,4
1,2,7,8,3,3,2,5
2,15,4,3,2,1,5
1,14,3,1,1,2,1,6
2,2,2,2,3,3,1,2,2,5
1,1,2,3,2,3,2,4,5
1,1,2,2,3,3,2,1,2,5
2,1,2,2,1,7,1,2,2,3,4
1,1,2,2,1,7,2,1,4,2,4
1,1,2,3,9,1,4,2,4
1,1,2,4,9,1,4,2,4
1,1,1,5,2,2,1,2,3,2,3
1,1,1,3,3,5,1,2,3,2,3
1,2,1,16,1,3,3,3
1,2,15,5,4,3,2
1,2,14,4,1,2,3,2
1,2,14,1,3,1,3,3,2
1,1,1,14,2,2,4,5
1,1,1,14,2,2,2,5
1,1,2,16,1,4,5
1,1,2,13,1,2,3,5
1,2,2,1,11,2,2,2,2,2,2
1,2,2,2,2,6,1,3,5,1,2
1,1,3,2,4,5,3,2,3
2,1,2,3,1,4,2,2,3,2,2
1,2,2,2,2,3,1,3,3,2,3
2,2,4,1,4,3,3,3,2,2
2,1,4,1,9,9,3,1
2,1,1,4,8,1,8,3,1
1,2,2,4,3,3,3,5,2,2
2,1,1,1,4,6,2,8,3,2
1,2,1,3,8,1,1,4,3,3
1,2,1,2,8,2,2,1,1,2,3
1,1,1,2,3,3,3,1,1,2,4
1,1,5,3,3,4,1,1,1,3
1,2,5,6,3,1,2,2
1,2,5,7,3,2,5,3
1,3,3,1,4,4,1,2,4,1
1,7,1,2,1,3,2,2,2,2
2,2,3,1,2,3,4
2,5,3,6,1,1,3,2
6,2,4,1,1,6,2
2,2,1,4,1,3
2,5,2,2,2
8,2,1,1,2
1,2,1,2
1,1,2,2
2,1,1,1
1,1,1,1
1,1,1
1

