                     11         1  116
                    5121 11     31 2212
                    2222123     2212251
                    1212f421343141e1311
                   21111211148111211112
                   --------------------
              6  5|..XXXXXX.....XXXXX..|
              1  1|.X................X.|
        1  1  1  1|.X.....X.....X....X.|
        1  1  1  1|.X.....X.....X....X.|
  1  1  1  1  1  1|.X...X.X.....X.X..X.|
        1  1  1  1|.X...X.........X..X.|
        2  1  1  2|..XX.X.........X.XX.|
              3  3|...XXX.........XXX..|
              2  2|....XX.........XX...|
              1  1|.....X.........X....|
           1  1  1|.....X....X....X....|
           2  3  2|.....XX..XXX..XX....|
        3  3  3  2|.....XXX.XXX.XXX..XX|
        1  7  1  1|.....X.XXXXXXX.X...X|
              2  2|....XX.........XX...|
              3  3|...XXX.........XXX..|
        1  1  1  3|...X.X.........X.XXX|
     1  1  1  1  1|..X..X....X....X..X.|
     1  1  1  1  1|..X..X....X...X...X.|
     1  1  1  1  2|.X....X...X..X....XX|
     1  1  2  1  2|.X....X..XX..X...XX.|
     1  1  2  1  1|..X...X..XX..X...X..|
     3  2  2  2  3|.XXX.XX..XX..XX.XXX.|
     1  1  2  1  1|X....X...XX...X....X|
        5  3  4  5|XXXXX.XXX.XXXX.XXXXX|
                   --------------------
