                   1       1
                   1    1  4
                  1111 11141
                  12121111442
                 641112211221
                 17515111141226 8776
                113211216112221b1111
                --------------------
           1  2|..X.......XX........|
     1  1  2  1|.X.X.....XX.X.......|
     2  5  1  1|.XX.XXXXX.X.X.......|
           1  2|.X........XX........|
           1  1|.X.........X........|
  2  2  2  1  1|XX.XX..XX..X.......X|
        2  2  2|.XX........XX.....XX|
        1  1  2|..X.......X.......XX|
     3  2  4  3|.XXX.XX.XXXX.....XXX|
     1  2  1  3|..X..XX...X......XXX|
        2  5  4|...XX..XXXXX....XXXX|
     2  3  1  3|..XX.XXX...X....XXX.|
        1  3  4|..X.......XXX..XXXX.|
        2  5  3|..XX.....XXXXX.XXX..|
     1  1  1  5|..X.X...X....XXXXX..|
           1  3|..X...........XXX...|
        1  1  3|..X........X..XXX...|
  2  1  1  2  3|..XX.X.X..XX..XXX...|
  1  1  1  1  2|...X.X..X.X...XX....|
  1  1  1  1  2|...X.X..X.X...XX....|
  1  1  1  1  1|...X.X..X.X....X....|
  2  1  1  1  1|..XX.X..X..X...X....|
        2  3  8|.XX...XXX...XXXXXXXX|
     2  1  1  3|..XX..X.X..XXX......|
           3  3|...XXX...XXX........|
                --------------------
