                                            88        6
                                   2   77778117   78a63a6 9  fgggh76554433222
                                 563677112127617781212122d1df111249888777c6761
                             455511111121127536553331111211211223343321121344667
                    2121323341213121211677883422121221111111112223666555446424436778
                   32212212121233445556122348543233221111112111111112112112112122233ca863
                   ----------------------------------------------------------------------
             13 18|........XXXXXXXXXXXXX....................XXXXXXXXXXXXXXXXXX...........|
             22 20|.....XXXXXXXXXXXXXXXXXXXXXX...........XXXXXXXXXXXXXXXXXXXX............|
          15 14 20|.XXXXXXXXXXXXXXX.XXXXXXXXXXXXXX....XXXXXXXXXXXXXXXXXXXX...............|
     2  1  1  1 44|XX.X.X.X.XXXXXXXXXXXXXXXXXXXXXXXXXXXXXXXXXXXXXXXXXXXX.................|
              1 40|X..........XXXXXXXXXXXXXXXXXXXXXXXXXXXXXXXXXXXXXXXX...................|
              2 34|XX.............XXXXXXXXXXXXXXXXXXXXXXXXXXXXXXXXXX.....................|
              2 30|.XX...............XXXXXXXXXXXXXXXXXXXXXXXXXXXXXX......................|
              3 26|..XXX................XXXXXXXXXXXXXXXXXXXXXXXXXX.......................|
        2 11  1 10|....XX..................XXXXXXXXXXX.X.XXXXXXXXXX......................|
        3  4  1 13|.....XXX......................XXXX..X.XXXXXXXXXXXXX...................|
     3  2  1  1 13|.......XXX......................XX..X.X.XXXXXXXXXXXXX.................|
  3 10  1  2  1 15|.........XXX.XXXXXXXXXX..........X.XX.X.XXXXXXXXXXXXXXX...............|
  3  3  2  1  1 17|...........XXX........XXX.......XX.X..X.XXXXXXXXXXXXXXXXX.............|
     3  4  2  2 22|.............XXX........XXXX...XX.XX.XXXXXXXXXXXXXXXXXXXXXX...........|
        3  2  2 20|...............XXX...............XX.XX...XXXXXXXXXXXXXXXXXXXX.........|
           4  2 20|.................XXXX..............XX......XXXXXXXXXXXXXXXXXXXX.......|
              4 19|....................XXXX......................XXXXXXXXXXXXXXXXXXX.....|
              7 13|.......................XXXXXXX.......................XXXXXXXXXXXXX....|
        3  9  1 11|..........XXX...........XXXXXXXXX.....................X.XXXXXXXXXXX...|
        4 14  1  9|...........XXXX.........XXXXXXXXXXXXXX................X....XXXXXXXXX..|
     5  9  4  4  9|............XXXXX.......XXXXXXXXX....XXXX.............XXXX..XXXXXXXXX.|
     5  6  6  5  8|.............XXXXX......XXXXXX..........XXXXXX........XXXXX...XXXXXXXX|
     6  4  6  6  7|..............XXXXXX....XXXX.................XXXXXX...XXXXXX...XXXXXXX|
     7  2  8  4  6|...............XXXXXXX..XX....................XXXXXXXX..XXXX....XXXXXX|
     8  4  3  3  4|................XXXXXXXX......................XXXX...XXX..XXX....XXXX.|
     9  2  2  2  4|.................XXXXXXXXX....................XX.......XX..XX....XXXX.|
        9  4  1  4|..................XXXXXXXXX...........................XXXX..X...XXXX..|
           9 16  4|...................XXXXXXXXX..............XXXXXXXXXXXXXXXX.....XXXX...|
           9 14  4|....................XXXXXXXXX..............XXXXXXXXXXXXXX.....XXXX....|
        5  3 11  3|.....................XXXXX..XXX..............XXXXXXXXXXX.....XXX......|
        3  3  7  2|......................XXX.....XXX..............XXXXXXX......XX........|
        2  2  7  3|.......................XX.......XX............XXXXXXX.....XXX.........|
           2 17  4|........................XX.......XXXXXXXXXXXXXXXXX.....XXXX...........|
           1  4  4|.........................X.................XXXX.....XXXX..............|
           2  8  4|.........................XX......XXXXXXXX........XXXX.................|
           1  2 10|..........................X.....XX......XXXXXXXXXX....................|
              1  2|..........................X....XX.....................................|
              2  1|.........................XX....X......................................|
              1  2|.........................X....XX......................................|
              2  1|.........................XX...X.......................................|
                 6|.........................XXXXXX.......................................|
                 6|........................XXXXXX........................................|
                 6|.......................XXXXXX.........................................|
                 8|....................XXXXXXXX..........................................|
                 5|.....................XXXXX............................................|
                   ----------------------------------------------------------------------
