                11 1        
               7112112      
              42221212867 3 
             221114211124a43
             ---------------
           4|.....XXXX......|
        2  2|....XX..XX.....|
        2  2|..XX.....XX....|
        1  3|..X......XXX...|
        2  3|.XX......XXX...|
     3  1  4|.XXX..X..XXXX..|
        2  5|.XX......XXXXX.|
        2  5|.XX......XXXXX.|
  1  2  2  3|..X.XX..XX.XXX.|
     1  1  2|...X....X..XX..|
     3  2  1|..XXX.XX....X..|
     1  3  3|..X.XXX....XXX.|
     1  1  4|.X...X.....XXXX|
     2  2  5|XX...XX...XXXXX|
        1 13|X.XXXXXXXXXXXXX|
             ---------------
