                  133     13
                 1211 22 122
              42231222214445
             713821111111531
             ---------------
        6  4|XXXXXX.....XXXX|
     4  3  1|XXXX.....XXX..X|
        2  8|XX.....XXXXXXXX|
     2  3  3|XX....XXX..XXX.|
  1  1  2  1|X...X.XX....X..|
  1  3  1  3|X...XXX..X..XXX|
  1  3  2  2|X..XXX...XX..XX|
        1  1|...X.........X.|
     1  2  2|...X..XX.....XX|
     1  1  1|...X........X.X|
  1  3  1  1|...X.XXX....X.X|
  1  2  1  1|...X..XX....X.X|
        2  4|..XX.......XXXX|
     3  2  2|..XXX....XX.XX.|
     2  5  2|.XX.XXXXX....XX|
             ---------------
