                                 1
                                 11 1
                              1 12111       2
                          1   1 14111       3
                       13431  411141511   111
                       11114111141131111 2213 2    121 2
                      11322222232212271b21b9112241111112
                      5678beij8544457dogss963323111111313
                      -----------------------------------
                    6|...................XXXXXX..........|
           3  2  1  2|XXX...............XX..X.XX.........|
          17  1  2  4|..XXXXXXXXXXXXXXXXX.X....XX...XXXX.|
        3  4  1  5  2|.XXX...............XXXX.X.XXXXX..XX|
  1  3  1  1  1  1  1|...X......XXX.........X.X.X....X..X|
     4  2  2  2  2  2|.XXXX........XX.......XX.XX..XX..XX|
           2  5  3  2|....XX.XXXXX...........XXX......XX.|
                 4 22|....XXXX...XXXXXXXXXXXXXXXXXXXXXX..|
              2  5  2|.....XX..........XXXXX..........XX.|
                 2  7|....XX..........XXXXXXX............|
                    6|.................XXXXXX............|
                    7|................XXXXXXX............|
                    6|................XXXXXX.............|
                    7|...............XXXXXXX.............|
                    9|..............XXXXXXXXX............|
                 3  8|..........XXX.XXXXXXXX.............|
                   14|.......XXXXXXXXXXXXXX..............|
                   16|.....XXXXXXXXXXXXXXXX..............|
                12  2|.....XXXXXXXXXXXX.XX...............|
                 3  5|......XXX......XXXXX...............|
              2  2  4|...XX.XX........XXXX...............|
        1  5  2  2  4|..X.XXXXX.XX.XX.XXXX...............|
        1  3  1  1  5|..X..XXX..X..X.XXXXX...............|
              2  4  5|..XX.XXXX......XXXXX...............|
              6  2  6|...XXXXXX..XX.XXXXXX...............|
                 4  6|....XXXX......XXXXXX...............|
                 4  6|....XXXX.......XXXXXX..............|
              6  1  6|...XXXXXX..X...XXXXXX..............|
              7  2  7|..XXXXXXX..XX.XXXXXXX..............|
                 8  8|.XXXXXXXX.....XXXXXXXX.............|
                10  9|XXXXXXXXXX...XXXXXXXXX.............|
                   22|XXXXXXXXXXXXXXXXXXXXXX.............|
                   23|XXXXXXXXXXXXXXXXXXXXXXX............|
                   23|XXXXXXXXXXXXXXXXXXXXXXX............|
                   23|XXXXXXXXXXXXXXXXXXXXXXX............|
                      -----------------------------------
