                                           2
                                      a 8874
                                   f d1a2123       3
                       7beg   ddegg1f221222365425 31 2 2
                       2222kjk4222111232111112131132525322
                       222211111111332211233212315323222552 2
                      i111111212223112121121122333121212226f9765432
                      ---------------------------------------------
                   11|.......XXXXXXXXXXX...........................|
                14  1|.....XXXXXXXXXXXXXX..X.......................|
                   18|....XXXXXXXXXXXXXXXXXX.......................|
                   18|...XXXXXXXXXXXXXXXXXX........................|
                   18|...XXXXXXXXXXXXXXXXXX........................|
                20  1|..XXXXXXXXXXXXXXXXXXXX..X....................|
                   25|.XXXXXXXXXXXXXXXXXXXXXXXXX...................|
                   25|.XXXXXXXXXXXXXXXXXXXXXXXXX...................|
                   24|.XXXXXXXXXXXXXXXXXXXXXXXX....................|
             17  1  2|.XXXXXXXXXXXXXXXXX.X..XX.....................|
                15  2|.XXXXXXXXXXXXXXX......XX.....................|
                16  2|.XXXXXXXXXXXXXXXX....XX......................|
                15  1|.XXXXXXXXXXXXXXX.....X.......................|
        6  5  1  1  1|..XXXXXX..XXXXX.X....X......X................|
           6  6  3  3|..XXXXXX...XXXXXX.XXX......XXX...............|
  6  2  1  1  2  3  2|..XXXXXX...XX..X..X.XX......XXX..XX..........|
              6  1  7|...XXXXXX............X.......XXXXXXX.........|
           5  1  3  2|....XXXXX............X........XXX..XX........|
        5  1  3  2  2|.....XXXXX..........X.......XXX.XX..XX.......|
        7  2  1  5  2|....XXXXXXX........XX.......X.XXXXX..XX......|
     4  2  2  3  5  2|..XXXX....XX......XX.......XXX.XXXXX.XX......|
        3  8  2  2  4|.XXX.......XXXXXXXX.......XX.XX...XXXX.......|
     2  2  3  1  1  4|XX.............XX.........XXX.X.X.XXXX.......|
              1  2 14|X...............XX.......XXXXXXXXXXXXXX......|
     1  7  5  1  1 10|X................XXXXXXX.XXXXX.X.X.XXXXXXXXXX|
              1  4  9|X......................XXXX.........XXXXXXXXX|
                 1  9|X..................................XXXXXXXXX.|
              2  2  6|XX................................XX.XXXXXX..|
              3  2  5|XXX..............................XX..XXXXX...|
        1  3  2  3  4|X.XXX....................XX....XXX...XXXX....|
        1 14  2  3  3|X..XXXXXXXXXXXXXX.......XX...XXX.....XXX.....|
              1 16  2|X.............XXXXXXXXXXXXXXXX.......XX......|
        1  2  4  1  1|X............XX....XXXX....X.........X.......|
           1  1  2  2|X............X......XX....XX.................|
              1  2  1|X...........XX............X..................|
              1  2  2|X..........XX............XX..................|
              1  6  1|X.........XXXXXX.........X...................|
           1  2  3  2|X........XX....XXX......XX...................|
           1  3  4  2|X......XXX.......XXXX..XX....................|
                 8  4|XXXXXXXX............XXXX.....................|
                      ---------------------------------------------
