                                11 6     1
                               213 1171  139
                          53213712435114 253n
                         o21k2112222615153521
                         --------------------
                    9  4|XXXXXXXXX.......XXXX|
                 4  2  3|XXXX.XX..........XXX|
                 3  1  3|XXX..X...........XXX|
              2  1  4  2|XX..X......XXXX...XX|
           2  1  1  1  2|XX..X.......X.X...XX|
        1  1  1  1  1  2|X..X......X.X.X...XX|
        1  1  4  1  3  2|X..X.XXXX.X.XXX...XX|
     1  1  1  1  1  1  2|X..X..X.X.X.X.....XX|
     1  1  1  1  1  1  2|X..X..X.X.X.X.....XX|
        1  1  2  1  1  1|X..X..XX..X.X......X|
        1  1  1  1  1  1|X..X..X.X.X........X|
     1  1  1  1  2  2  1|X..X..X.X..XX.XX...X|
     1  1  1  1  1  1  1|X..X..X....X.X.X...X|
        1  1  2  1  3  1|X..X......XX.X.XXX.X|
  1  1  1  1  1  1  1  1|X..X.....X.X.X.X.X.X|
  1  1  1  1  1  1  1  1|X..X.....X.X.X.X.X.X|
        1  1  1  1  1  1|X..X.....X...X...X.X|
              1  1  2  4|X..X.....XX.....XXXX|
           1  1  1  1  2|X..X......X.....X.XX|
              1  1  2  2|X..X......XX......XX|
           1  1  1  1  1|X..X.......X.....X.X|
           1  1  1  1  1|X..X.......X.....X.X|
           1  1  1  2  1|X..X.......X....XX.X|
              2  1  5  3|XX.X...XXXXX....XXX.|
                 3  7  4|.XXX..XXXXXXX...XXXX|
                         --------------------
