                                4  4
                            42 32 324
                       42 2331321321243   3
                       415741132111122244314
                       413322112252111122138b2
                      513a111211211112224711144
                      -------------------------
                   10|........XXXXXXXXXX.......|
                   16|.....XXXXXXXXXXXXXXXX....|
                   18|....XXXXXXXXXXXXXXXXXX...|
           4  1  3  6|...XXXX...X..XXX.XXXXXX..|
           1  1  1  2|...X..X...........X..XX..|
           1  1  2  1|.X.X.................XX.X|
                 4  3|.XXXX.................XXX|
                 4  3|.XXXX.................XXX|
           1  2  1  1|.X..XX................X.X|
                 3  1|...XXX................X..|
              5  2  2|..XXXXX.....XX.......XX..|
              1 13  3|.X.XXXXXXXXXXXXX....XXX..|
     1  1  1  3  6  3|.X..X.X.XXX...XXXXXX.XXX.|
           1  2  3  3|.X.....XX.......XXX..XXX.|
     1  1  1  1  1  1|.X.X......X..X.......X.X.|
        2  1  1  1  1|..XX.....X....X......X.X.|
              1  6  3|...X.....XXXXXX.....XXX..|
              1  1  2|...X.......X........XX...|
              1  6  2|...X..XXXXXX.......XX....|
              3  8  1|.XXX.....XXXXXXXX..X.....|
              5  2  1|XXXXX......XX......X.....|
                 7  2|XXXXXXX...........XX.....|
              2  5  4|XX.XXXXX........XXXX.....|
           1  1  4  5|X..X...XXXX....XXXXX.....|
           2  3  6  4|XX..XXX...XXXXXX..XXXX...|
                      -------------------------
