                             2
                             1 7  1 1
                           221 1 7241
                          721132224322
                         8213222223423
                        611241b24jhdf13
                34222556212358beq1234vwt9
                -------------------------
              1|...............X.........|
              2|..............XX.........|
              4|.............XXXX........|
              6|............XXXXXX.......|
        2  1  3|...........XX..X.XXX.....|
     2  1  1  3|..........XX...X.X.XXX...|
  5  1  1  1  2|......XXXXX....X.X.X.XX..|
     6  1  3  1|.....XXXXXX...X..XXX..X..|
     6  1  2  2|.....XXXXXX...X..XX..XX..|
        9  2  1|.....XXXXXXXXX..XX...X...|
        7  3  3|.....XXXXXXX..XXX..XXX...|
     2  4  3  1|....XX.XXXX.XXX....X.....|
  2  1  1  1  2|...XX....X..X.X...XX.....|
        2  8  1|..XX....XXXXXXXX..X......|
  2  1  1  3  1|.XX.....X.X...XXX.X......|
     2  1  3  4|XX.......X..XXX.XXXX.....|
     2  5  2  2|XX........XXXXX.XX.XX....|
     2  2  3  4|XX.........XX.XXX.XXXX...|
     1  2  2  1|............X.XX..XX..X..|
        2  3  4|.............XX.XXX.XXXX.|
           4  4|..............XXXX..XXXX.|
        2  2  3|...............XX.XX.XXX.|
           1  7|................X.XXXXXXX|
              9|................XXXXXXXXX|
              9|................XXXXXXXXX|
              9|................XXXXXXXXX|
              9|................XXXXXXXXX|
              9|................XXXXXXXXX|
              9|................XXXXXXXXX|
              9|................XXXXXXXXX|
              9|................XXXXXXXXX|
              8|................XXXXXXXX.|
              9|...............XXXXXXXXX.|
              9|...............XXXXXXXXX.|
           4  4|...............XXXX.XXXX.|
           4  4|...............XXXX.XXXX.|
           4  4|...............XXXX.XXXX.|
           4  3|...............XXXX..XXX.|
           4  3|..............XXXX...XXX.|
           4  3|..............XXXX...XXX.|
           4  3|..............XXXX...XXX.|
           4  3|..............XXXX...XXX.|
           4  3|.............XXXX....XXX.|
           4  3|.............XXXX....XXX.|
           4  3|.............XXXX....XXX.|
           4  3|............XXXX.....XXX.|
           3  4|............XXX.....XXXX.|
           4  5|...........XXXX....XXXXX.|
           5  5|..........XXXXX...XXXXX..|
           5  6|.........XXXXX...XXXXXX..|
                -------------------------

