The data below is from search using the length of the target as the principal
measure of goodness of a guess. The problem is alex_01.pro.

The greatest depth here is 16, for which the estimated size of the space is
23,721,984,000

9 15444000
9 15444000
10 61776000
10 61776000
10 61776000
11 494208000
12 988416000
13 1976832000
14 5930496000
15 11860992000
15 11860992000
14 5930496000
14 5930496000
13 1976832000
14 5930496000
15 11860992000
15 11860992000
14 5930496000
15 11860992000
15 11860992000
14 5930496000
12 988416000
11 494208000
10 61776000
11 494208000
12 988416000
12 988416000
13 1976832000
14 5930496000
15 11860992000
15 11860992000
14 5930496000
14 5930496000
13 1976832000
14 5930496000
15 17791488000
15 17791488000
15 17791488000
14 5930496000
15 11860992000
16 23721984000
16 23721984000
15 11860992000
14 5930496000
11 494208000
12 988416000
12 988416000
11 494208000
12 988416000
12 988416000
13 1976832000
14 5930496000
15 11860992000
15 11860992000
14 5930496000
14 5930496000
13 1976832000
14 5930496000
15 11860992000
15 11860992000
14 5930496000
